0.000000 0.042171
0.010000 0.958983
0.020000 1.777948
0.030000 5.056501
0.040000 4.290356
0.050000 0.213879
0.060000 4.641570
0.070000 2.374965
0.080000 1.629454
0.090000 2.450233
0.100000 1.573540
0.110000 1.697411
0.120000 3.354337
0.130000 3.316793
0.140000 3.368105
0.150000 2.665598
0.160000 0.829839
0.170000 2.797824
0.180000 3.754116
0.190000 2.656105
0.200000 3.245272
0.210000 2.980867
0.220000 1.993981
0.230000 2.634771
0.240000 1.597130
0.250000 3.316360
0.260000 1.324483
0.270000 1.446309
0.280000 1.749345
0.290000 -0.341738
0.300000 4.084668
0.310000 3.015258
0.320000 1.978958
0.330000 4.148042
0.340000 1.110125
0.350000 2.763336
0.360000 2.668108
0.370000 3.272780
0.380000 3.310489
0.390000 2.176850
0.400000 3.055818
0.410000 2.965171
0.420000 3.801981
0.430000 4.311804
0.440000 4.372118
0.450000 2.443542
0.460000 3.428946
0.470000 2.181905
0.480000 2.327000
0.490000 3.478174
0.500000 5.062221
0.510000 2.804536
0.520000 3.990236
0.530000 3.437973
0.540000 4.825660
0.550000 2.664031
0.560000 3.830491
0.570000 4.395344
0.580000 4.988358
0.590000 5.476937
0.600000 4.063681
0.610000 2.531233
0.620000 3.325642
0.630000 3.051531
0.640000 6.508788
0.650000 3.587996
0.660000 4.996992
0.670000 4.101863
0.680000 5.228309
0.690000 3.620317
0.700000 3.028416
0.710000 3.053879
0.720000 5.010071
0.730000 4.390176
0.740000 4.417225
0.750000 6.078368
0.760000 4.996476
0.770000 4.948590
0.780000 6.384420
0.790000 4.038251
0.800000 5.585394
0.810000 5.769965
0.820000 4.737325
0.830000 5.242931
0.840000 3.907694
0.850000 3.971919
0.860000 5.271140
0.870000 5.934970
0.880000 7.844717
0.890000 4.638904
0.900000 5.539755
0.910000 5.316619
0.920000 3.512841
0.930000 5.053709
0.940000 3.744870
0.950000 6.426861
0.960000 4.745452
0.970000 5.780639
0.980000 5.183143
0.990000 6.078384
1.000000 5.221792
1.010000 6.359405
1.020000 6.656191
1.030000 7.676170
1.040000 5.817680
1.050000 3.921038
1.060000 5.267462
1.070000 7.509372
1.080000 5.130419
1.090000 7.211395
1.100000 6.422428
1.110000 7.783084
1.120000 4.433568
1.130000 6.244924
1.140000 5.283004
1.150000 9.447159
1.160000 7.412745
1.170000 8.014949
1.180000 5.626324
1.190000 6.264492
1.200000 6.509320
1.210000 7.928973
1.220000 6.601514
1.230000 7.629844
1.240000 4.925484
1.250000 6.672528
1.260000 6.251951
1.270000 5.547723
1.280000 7.682079
1.290000 7.505497
1.300000 7.306486
1.310000 5.988907
1.320000 8.499742
1.330000 7.772181
1.340000 7.172775
1.350000 7.544658
1.360000 7.309790
1.370000 5.871681
1.380000 7.386440
1.390000 6.891015
1.400000 6.793557
1.410000 6.666838
1.420000 7.340253
1.430000 5.921841
1.440000 8.939468
1.450000 8.546157
1.460000 8.057027
1.470000 8.093339
1.480000 7.381102
1.490000 9.249208
1.500000 8.148663
1.510000 7.618812
1.520000 9.736292
1.530000 8.211804
1.540000 7.899321
1.550000 8.246478
1.560000 7.744295
1.570000 7.524191
1.580000 11.222526
1.590000 10.404343
1.600000 9.108811
1.610000 7.596700
1.620000 8.041008
1.630000 8.782714
1.640000 9.803553
1.650000 7.733139
1.660000 6.788401
1.670000 7.722415
1.680000 9.558389
1.690000 9.669719
1.700000 9.783655
1.710000 9.255426
1.720000 9.623261
1.730000 9.017407
1.740000 10.409697
1.750000 8.240226
1.760000 10.111327
1.770000 8.862096
1.780000 9.430560
1.790000 10.373006
1.800000 10.914226
1.810000 8.812546
1.820000 11.246032
1.830000 10.700845
1.840000 10.028307
1.850000 9.956564
1.860000 9.989937
1.870000 9.960339
1.880000 10.342543
1.890000 10.426988
1.900000 11.258110
1.910000 12.015526
1.920000 11.012120
1.930000 10.392303
1.940000 11.284173
1.950000 10.899336
1.960000 9.743626
1.970000 11.780062
1.980000 11.195512
1.990000 11.081400
2.000000 11.519412
2.010000 11.323682
2.020000 10.179069
2.030000 11.016668
2.040000 11.091576
2.050000 10.764419
2.060000 13.037511
2.070000 10.538834
2.080000 10.990086
2.090000 10.821416
2.100000 10.418912
2.110000 11.460776
2.120000 11.439025
2.130000 13.303438
2.140000 11.584803
2.150000 10.830272
2.160000 13.558797
2.170000 13.251071
2.180000 11.848019
2.190000 10.632942
2.200000 11.756136
2.210000 12.106691
2.220000 12.600779
2.230000 12.125838
2.240000 12.892927
2.250000 12.904120
2.260000 11.324486
2.270000 11.690364
2.280000 11.960603
2.290000 12.257501
2.300000 12.508580
2.310000 12.905693
2.320000 9.928348
2.330000 12.565048
2.340000 14.329286
2.350000 12.085152
2.360000 14.150841
2.370000 13.632940
2.380000 13.319368
2.390000 13.596832
2.400000 11.915584
2.410000 13.462618
2.420000 15.217881
2.430000 13.779322
2.440000 13.789653
2.450000 13.081685
2.460000 13.852886
2.470000 14.184167
2.480000 14.446605
2.490000 13.716087
2.500000 13.921403
2.510000 16.250798
2.520000 12.038292
2.530000 16.595924
2.540000 14.774171
2.550000 15.507097
2.560000 12.913604
2.570000 14.058773
2.580000 14.442092
2.590000 15.214534
2.600000 13.193597
2.610000 15.407733
2.620000 13.795876
2.630000 15.147866
2.640000 15.807316
2.650000 15.555639
2.660000 16.385172
2.670000 16.382917
2.680000 14.800581
2.690000 15.783545
2.700000 14.657466
2.710000 14.355769
2.720000 16.678461
2.730000 15.830129
2.740000 15.851976
2.750000 16.895213
2.760000 16.656241
2.770000 16.489814
2.780000 17.468209
2.790000 17.226485
2.800000 16.615595
2.810000 15.765009
2.820000 15.883762
2.830000 17.807774
2.840000 15.084616
2.850000 16.753180
2.860000 14.910417
2.870000 17.961815
2.880000 17.885523
2.890000 17.107900
2.900000 17.119279
2.910000 14.787662
2.920000 17.939405
2.930000 15.250547
2.940000 15.208919
2.950000 17.693824
2.960000 16.751580
2.970000 18.198207
2.980000 18.550839
2.990000 18.819236
3.000000 17.358488
3.010000 18.587677
3.020000 18.328100
3.030000 19.143223
3.040000 18.943523
3.050000 19.396001
3.060000 18.457460
3.070000 18.534028
3.080000 19.781386
3.090000 16.742899
3.100000 18.455475
3.110000 17.783547
3.120000 18.766216
3.130000 19.892725
3.140000 20.165611
3.150000 18.421379
3.160000 19.062300
3.170000 19.768056
3.180000 19.437452
3.190000 20.130048
3.200000 20.327712
3.210000 19.098017
3.220000 19.951999
3.230000 18.098247
3.240000 21.477885
3.250000 19.806292
3.260000 19.335077
3.270000 20.389222
3.280000 19.319462
3.290000 20.832905
3.300000 20.399472
3.310000 23.245019
3.320000 22.313547
3.330000 18.786784
3.340000 21.834343
3.350000 20.104989
3.360000 21.358958
3.370000 21.890089
3.380000 22.585885
3.390000 21.678375
3.400000 23.641808
3.410000 21.699481
3.420000 22.623676
3.430000 23.077490
3.440000 22.615392
3.450000 23.529471
3.460000 23.090924
3.470000 22.103646
3.480000 21.203400
3.490000 24.989260
3.500000 22.648953
3.510000 23.480593
3.520000 24.065097
3.530000 23.741183
3.540000 22.849486
3.550000 23.414106
3.560000 23.885535
3.570000 25.618996
3.580000 23.409855
3.590000 25.187007
3.600000 24.843676
3.610000 24.434968
3.620000 23.746704
3.630000 24.655473
3.640000 24.989963
3.650000 23.745413
3.660000 25.546275
3.670000 24.672230
3.680000 25.541873
3.690000 26.115092
3.700000 25.018179
3.710000 25.779736
3.720000 26.564436
3.730000 24.526132
3.740000 27.546837
3.750000 29.085462
3.760000 27.771826
3.770000 26.649381
3.780000 27.547823
3.790000 26.238599
3.800000 29.309187
3.810000 28.530136
3.820000 28.536276
3.830000 27.033964
3.840000 28.392122
3.850000 27.677658
3.860000 28.089767
3.870000 27.997914
3.880000 27.710422
3.890000 27.997165
3.900000 28.867311
3.910000 27.551206
3.920000 30.032118
3.930000 29.482771
3.940000 30.477410
3.950000 30.227226
3.960000 30.632864
3.970000 28.838148
3.980000 29.485412
3.990000 30.244828
4.000000 30.989390
4.010000 32.198162
4.020000 30.970966
4.030000 32.715818
4.040000 32.124888
4.050000 33.020660
4.060000 32.172479
4.070000 31.589640
4.080000 30.967941
4.090000 32.809702
4.100000 33.679651
4.110000 32.777440
4.120000 32.740240
4.130000 33.185481
4.140000 32.612752
4.150000 33.433713
4.160000 33.965546
4.170000 34.413904
4.180000 34.528302
4.190000 35.429718
4.200000 35.156305
4.210000 37.091946
4.220000 35.823269
4.230000 37.551456
4.240000 35.261995
4.250000 36.752287
4.260000 36.208617
4.270000 37.314677
4.280000 37.556707
4.290000 35.027605
4.300000 36.140080
4.310000 36.282288
4.320000 38.384045
4.330000 39.714058
4.340000 38.181496
4.350000 39.587921
4.360000 39.591301
4.370000 38.267207
4.380000 39.992340
4.390000 39.122010
4.400000 41.672242
4.410000 40.408561
4.420000 42.365406
4.430000 40.595795
4.440000 41.904949
4.450000 41.550646
4.460000 39.892705
4.470000 41.237112
4.480000 43.139734
4.490000 42.783764
4.500000 42.034842
4.510000 42.845667
4.520000 44.043631
4.530000 43.126811
4.540000 45.424197
4.550000 44.141708
4.560000 46.928257
4.570000 44.380367
4.580000 46.004178
4.590000 44.632691
4.600000 45.782845
4.610000 46.270072
4.620000 47.625651
4.630000 48.531647
4.640000 48.259467
4.650000 47.959705
4.660000 49.526451
4.670000 49.892491
4.680000 49.600970
4.690000 50.443758
4.700000 50.681704
4.710000 49.683062
4.720000 51.835497
4.730000 50.829489
4.740000 51.298462
4.750000 52.500018
4.760000 52.441333
4.770000 53.047928
4.780000 54.211241
4.790000 55.104152
4.800000 54.306173
4.810000 55.284079
4.820000 55.175906
4.830000 56.107230
4.840000 56.786758
4.850000 56.204806
4.860000 57.577292
4.870000 58.390299
4.880000 58.374293
4.890000 60.510750
4.900000 58.677503
4.910000 59.060471
4.920000 58.565537
4.930000 61.750293
4.940000 62.237893
4.950000 61.828623
4.960000 63.351503
4.970000 63.188148
4.980000 63.853663
4.990000 64.241362
5.000000 65.141137
